# Migration is number of nodes that have changed color.

Round		Edge-Cut		Swaps		Migrations		Skipped
0		8807		3596		3044
1		8133		7205		3120
2		7679		10812		3140
3		7374		14385		3202
4		7106		18002		3243
5		6860		21623		3264
6		6729		25257		3270
7		6577		28872		3237
8		6485		32443		3268
9		6337		36057		3244
10		6229		39671		3237
11		6127		43262		3260
12		6054		46877		3285
13		5975		50487		3294
14		5865		54148		3302
15		5783		57749		3347
16		5697		61315		3343
17		5594		64892		3331
18		5544		68468		3349
19		5509		72060		3364
20		5435		75648		3352
21		5349		79216		3355
22		5323		82837		3334
23		5261		86443		3360
24		5193		90088		3353
25		5176		93672		3354
26		5128		97246		3336
27		5060		100817		3362
28		4994		104422		3355
29		4985		108019		3346
30		4934		111621		3337
31		4878		115183		3380
32		4830		118744		3405
33		4795		122312		3379
34		4755		125888		3378
35		4692		129511		3376
36		4630		133075		3364
37		4617		136681		3362
38		4598		140253		3356
39		4583		143825		3366
40		4613		147444		3349
41		4605		151044		3376
42		4498		154574		3346
43		4453		158161		3337
44		4444		161794		3337
45		4455		165412		3381
46		4469		169021		3373
47		4441		172617		3375
48		4407		176216		3373
49		4445		179838		3366
50		4385		183374		3367
51		4334		186961		3378
52		4340		190540		3355
53		4337		194171		3362
54		4307		197766		3381
55		4285		201408		3357
56		4286		205020		3370
57		4270		208640		3366
58		4224		212255		3367
59		4205		215848		3363
60		4136		219408		3395
61		4182		223024		3379
62		4167		226637		3371
63		4149		230260		3386
64		4096		233912		3376
65		4058		237518		3399
66		4087		241098		3396
67		4079		244695		3393
68		4122		248258		3385
69		4055		251896		3407
70		4024		255459		3375
71		4019		259050		3363
72		3991		262656		3394
73		3955		266239		3389
74		3939		269850		3385
75		3954		273433		3372
76		3903		277059		3386
77		3902		280705		3389
78		3886		284331		3382
79		3851		287972		3351
80		3846		291611		3381
81		3823		295197		3372
82		3773		298782		3389
83		3820		302389		3371
84		3819		306015		3367
85		3735		309586		3384
86		3726		313133		3398
87		3758		316784		3410
88		3760		320417		3404
89		3774		324003		3395
90		3749		327637		3405
91		3716		331214		3412
92		3673		334831		3392
93		3661		338398		3404
94		3678		341962		3395
95		3637		345583		3408
96		3585		349174		3384
97		3560		352783		3386
98		3545		356380		3359
99		3619		359929		3385
100		3601		363537		3369
101		3536		367133		3372
102		3583		370746		3367
103		3525		374340		3374
104		3498		377957		3346
105		3513		381549		3363
106		3523		385122		3368
107		3489		388753		3367
108		3505		392393		3362
109		3496		395970		3384
110		3503		399593		3382
111		3479		403197		3385
112		3460		406859		3378
113		3479		410456		3407
114		3484		414043		3401
115		3485		417654		3404
116		3470		421255		3397
117		3455		424825		3407
118		3427		428438		3407
119		3420		432047		3397
120		3401		435642		3405
121		3436		439245		3408
122		3448		442815		3413
123		3455		446429		3411
124		3459		449986		3422
125		3477		453573		3392
126		3424		457199		3411
127		3404		460757		3420
128		3401		464325		3435
129		3370		467874		3405
130		3354		471447		3420
131		3352		475052		3394
132		3332		478610		3412
133		3341		482226		3397
134		3330		485833		3400
135		3286		489401		3409
136		3328		492980		3398
137		3361		496556		3409
138		3330		500114		3399
139		3333		503707		3416
140		3328		507297		3432
141		3344		510915		3415
142		3334		514515		3398
143		3362		518142		3403
144		3328		521731		3425
145		3356		525346		3424
146		3293		528935		3398
147		3281		532533		3404
148		3271		536128		3417
149		3308		539730		3416
150		3314		543353		3413
151		3289		546903		3389
152		3271		550523		3403
153		3264		554126		3418
154		3252		557715		3403
155		3249		561299		3390
156		3228		564913		3389
157		3249		568512		3387
158		3236		572093		3398
159		3248		575674		3381
160		3254		579245		3398
161		3215		582830		3399
162		3204		586434		3380
163		3223		589986		3387
164		3184		593569		3377
165		3192		597161		3371
166		3183		600784		3367
167		3145		604353		3389
168		3118		607916		3382
169		3089		611521		3375
170		3087		615117		3399
171		3065		618721		3397
172		3058		622351		3407
173		3045		625923		3396
174		3065		629548		3400
175		3061		633094		3417
176		3040		636712		3407
177		3067		640344		3413
178		3071		643974		3413
179		3095		647622		3416
180		3089		651255		3418
181		3064		654859		3415
182		3040		658433		3417
183		3028		662068		3414
184		3030		665688		3430
185		3014		669258		3441
186		2998		672839		3429
187		3013		676483		3425
188		2991		680093		3430
189		2981		683680		3442
190		2978		687287		3429
191		2983		690932		3407
192		2955		694504		3398
193		2900		698105		3404
194		2923		701721		3429
195		2941		705323		3425
196		2958		708929		3414
197		2973		712565		3421
198		2889		716177		3413
199		2923		719777		3407
200		2890		723360		3432
201		2899		726977		3421
202		2881		730539		3423
203		2914		734143		3424
204		2872		737741		3432
205		2873		741339		3428
206		2878		744962		3435
207		2850		748571		3427
208		2826		752172		3430
209		2837		755794		3428
210		2822		759386		3433
211		2843		763042		3445
212		2799		766683		3418
213		2832		770266		3424
214		2864		773875		3442
215		2838		777499		3418
216		2856		781112		3446
217		2830		784726		3430
218		2843		788359		3422
219		2825		791971		3436
220		2840		795558		3422
221		2820		799190		3426
222		2839		802820		3442
223		2841		806444		3451
224		2820		810038		3446
225		2853		813628		3449
226		2869		817246		3472
227		2879		820869		3457
228		2862		824460		3457
229		2833		828072		3470
230		2846		831656		3466
231		2833		835263		3436
232		2812		838853		3457
233		2791		842483		3466
234		2792		846067		3442
235		2786		849648		3453
236		2800		853288		3457
237		2772		856868		3441
238		2729		860486		3434
239		2734		864096		3467
240		2705		867682		3468
241		2700		871286		3479
242		2669		874848		3477
243		2711		878478		3469
244		2684		882019		3465
245		2731		885602		3450
246		2742		889185		3463
247		2727		892767		3467
248		2752		896337		3474
249		2719		899963		3461
250		2749		903580		3466
251		2738		907229		3469
252		2737		910794		3437
253		2703		914383		3459
254		2750		917945		3462
255		2760		921539		3466
256		2768		925150		3450
257		2766		928785		3437
258		2746		932384		3437
259		2752		935961		3436
260		2774		939532		3427
261		2753		943143		3417
262		2723		946769		3448
263		2697		950392		3437
264		2690		953976		3445
265		2663		957577		3453
266		2642		961199		3451
267		2674		964828		3446
268		2683		968398		3465
269		2700		972027		3468
270		2710		975636		3438
271		2722		979278		3467
272		2726		982907		3447
273		2732		986485		3446
274		2771		990122		3457
275		2759		993730		3485
276		2727		997361		3478
277		2763		1000960		3464
278		2746		1004582		3474
279		2713		1008186		3480
280		2731		1011753		3484
281		2729		1015364		3483
282		2719		1018953		3469
283		2736		1022520		3479
284		2730		1026079		3490
285		2729		1029766		3477
286		2693		1033318		3505
287		2677		1036877		3506
288		2684		1040476		3492
289		2697		1044102		3500
290		2687		1047744		3472
291		2689		1051352		3491
292		2680		1054942		3461
293		2656		1058548		3470
294		2642		1062154		3471
295		2642		1065751		3495
296		2632		1069385		3483
297		2621		1072991		3477
298		2607		1076555		3469
299		2626		1080165		3480
300		2609		1083752		3450
301		2607		1087353		3466
302		2612		1091018		3481
303		2610		1094610		3492
304		2587		1098210		3468
305		2561		1101806		3462
306		2561		1105411		3469
307		2603		1108988		3488
308		2632		1112563		3478
309		2594		1116191		3468
310		2617		1119782		3485
311		2624		1123391		3467
312		2635		1126994		3474
313		2634		1130652		3477
314		2599		1134266		3463
315		2563		1137832		3460
316		2585		1141423		3494
317		2553		1144994		3476
318		2554		1148542		3458
319		2548		1152100		3478
320		2564		1155739		3455
321		2554		1159338		3458
322		2553		1162945		3479
323		2557		1166523		3463
324		2606		1170095		3465
325		2573		1173663		3464
326		2576		1177236		3470
327		2601		1180829		3478
328		2610		1184418		3475
329		2606		1188019		3481
330		2574		1191631		3455
331		2579		1195174		3473
332		2574		1198798		3466
333		2584		1202379		3468
334		2608		1205997		3456
335		2602		1209593		3450
336		2612		1213224		3462
337		2588		1216836		3467
338		2564		1220418		3477
339		2546		1223999		3480
340		2525		1227556		3476
341		2540		1231150		3482
342		2529		1234710		3482
343		2485		1238240		3463
344		2468		1241806		3480
345		2463		1245428		3471
346		2488		1249036		3473
347		2517		1252603		3480
348		2467		1256232		3473
349		2468		1259810		3479
350		2486		1263390		3474
351		2506		1266969		3498
352		2504		1270552		3462
353		2505		1274121		3490
354		2520		1277778		3470
355		2505		1281340		3484
356		2471		1284965		3460
357		2492		1288596		3471
358		2480		1292231		3479
359		2475		1295813		3452
360		2486		1299390		3444
361		2460		1302998		3454
362		2456		1306574		3466
363		2480		1310178		3463
364		2515		1313801		3471
365		2506		1317423		3467
366		2482		1321072		3482
367		2506		1324707		3479
368		2474		1328302		3480
369		2490		1331919		3493
370		2511		1335481		3480
371		2526		1339111		3450
372		2493		1342720		3461
373		2523		1346313		3475
374		2491		1349905		3497
375		2455		1353531		3481
376		2430		1357112		3479
377		2413		1360720		3472
378		2419		1364291		3473
379		2409		1367840		3480
380		2409		1371444		3487
381		2402		1375021		3493
382		2411		1378602		3489
383		2448		1382163		3485
384		2424		1385760		3492
385		2378		1389316		3475
386		2387		1392932		3462
387		2390		1396546		3491
388		2397		1400122		3468
389		2379		1403753		3475
390		2360		1407351		3467
391		2366		1410943		3477
392		2363		1414518		3477
393		2377		1418201		3470
394		2352		1421773		3470
395		2372		1425369		3464
396		2342		1429003		3477
397		2366		1432617		3462
398		2381		1436189		3477
399		2374		1439851		3467
400		2380		1443448		3466
401		2366		1447080		3458
402		2369		1450648		3475
403		2376		1454269		3456
404		2372		1457877		3464
405		2375		1461434		3457
406		2383		1465032		3471
407		2397		1468625		3464
408		2382		1472257		3466
409		2380		1475859		3455
410		2374		1479468		3470
411		2395		1483084		3476
412		2396		1486735		3481
413		2381		1490399		3466
414		2392		1494000		3488
415		2371		1497579		3455
416		2375		1501221		3462
417		2355		1504834		3486
418		2360		1508477		3478
419		2371		1512086		3488
420		2335		1515667		3483
421		2322		1519353		3491
422		2319		1522908		3478
423		2300		1526505		3476
424		2335		1530160		3496
425		2331		1533770		3498
426		2361		1537378		3467
427		2401		1540969		3478
428		2366		1544573		3495
429		2377		1548188		3466
430		2372		1551775		3486
431		2379		1555415		3480
432		2374		1559007		3492
433		2352		1562612		3497
434		2380		1566230		3499
435		2361		1569858		3487
436		2357		1573436		3498
437		2339		1577078		3477
438		2300		1580714		3493
439		2318		1584323		3493
440		2340		1587902		3485
441		2360		1591540		3492
442		2343		1595161		3488
443		2340		1598787		3473
444		2321		1602381		3481
445		2330		1605977		3474
446		2350		1609565		3454
447		2370		1613221		3475
448		2370		1616796		3461
449		2378		1620438		3466
450		2361		1624044		3457
451		2352		1627614		3460
452		2360		1631190		3469
453		2347		1634850		3454
454		2357		1638435		3469
455		2399		1642026		3459
456		2378		1645699		3461
457		2388		1649295		3453
458		2388		1652891		3461
459		2399		1656482		3452
460		2396		1660088		3442
461		2397		1663721		3466
462		2390		1667288		3451
463		2385		1670900		3457
464		2396		1674530		3449
465		2386		1678149		3448
466		2402		1681758		3462
467		2424		1685367		3446
468		2411		1688980		3467
469		2402		1692612		3451
470		2387		1696242		3430
471		2360		1699928		3438
472		2367		1703572		3461
473		2347		1707184		3463
474		2317		1710817		3467
475		2323		1714460		3441
476		2322		1718052		3449
477		2350		1721625		3454
478		2329		1725235		3457
479		2320		1728868		3463
480		2344		1732495		3462
481		2341		1736104		3460
482		2365		1739723		3474
483		2325		1743324		3446
484		2324		1746880		3459
485		2314		1750481		3463
486		2308		1754094		3464
487		2319		1757679		3469
488		2286		1761269		3480
489		2276		1764855		3475
490		2273		1768491		3453
491		2280		1772129		3455
492		2257		1775753		3476
493		2282		1779345		3458
494		2254		1782917		3462
495		2252		1786527		3465
496		2259		1790107		3457
497		2260		1793698		3464
498		2242		1797306		3461
499		2249		1800899		3483
500		2268		1804515		3474
501		2267		1808120		3477
502		2260		1811718		3461
503		2264		1815309		3465
504		2268		1818896		3473
505		2296		1822525		3486
506		2286		1826124		3487
507		2278		1829763		3489
508		2290		1833366		3470
509		2296		1837026		3486
510		2296		1840657		3476
511		2276		1844272		3492
512		2254		1847861		3483
513		2252		1851438		3468
514		2258		1855032		3466
515		2228		1858692		3470
516		2241		1862314		3480
517		2237		1865930		3482
518		2255		1869501		3471
519		2245		1873119		3477
520		2249		1876711		3466
521		2276		1880293		3472
522		2252		1883933		3479
523		2244		1887521		3450
524		2246		1891109		3467
525		2233		1894666		3484
526		2245		1898238		3489
527		2214		1901900		3494
528		2223		1905472		3490
529		2278		1909071		3490
530		2258		1912721		3480
531		2255		1916314		3481
532		2264		1919914		3483
533		2285		1923478		3484
534		2313		1927066		3478
535		2323		1930642		3467
536		2299		1934259		3480
537		2255		1937864		3491
538		2247		1941456		3465
539		2229		1945095		3468
540		2228		1948663		3499
541		2205		1952244		3479
542		2189		1955820		3472
543		2197		1959381		3480
544		2194		1962978		3470
545		2197		1966557		3484
546		2222		1970209		3470
547		2216		1973793		3479
548		2206		1977399		3467
549		2206		1980957		3476
550		2195		1984566		3492
551		2210		1988162		3480
552		2230		1991782		3471
553		2242		1995413		3470
554		2243		1999020		3468
555		2240		2002637		3488
556		2269		2006275		3488
557		2288		2009907		3496
558		2262		2013506		3475
559		2283		2017100		3494
560		2242		2020711		3505
561		2228		2024291		3499
562		2212		2027931		3485
563		2214		2031546		3490
564		2251		2035142		3481
565		2267		2038760		3488
566		2260		2042420		3476
567		2226		2046006		3485
568		2216		2049626		3485
569		2205		2053250		3474
570		2228		2056820		3463
571		2232		2060435		3470
572		2225		2064066		3466
573		2246		2067617		3467
574		2230		2071193		3456
575		2203		2074809		3451
576		2215		2078459		3454
577		2200		2082076		3455
578		2166		2085672		3450
579		2175		2089295		3464
580		2199		2092921		3490
581		2184		2096518		3477
582		2203		2100141		3481
583		2229		2103749		3491
584		2233		2107368		3479
585		2225		2110965		3486
586		2218		2114547		3474
587		2234		2118179		3469
588		2221		2121812		3465
589		2218		2125464		3461
590		2219		2129054		3468
591		2214		2132651		3468
592		2197		2136301		3469
593		2207		2139952		3472
594		2194		2143568		3461
595		2191		2147168		3460
596		2197		2150795		3465
597		2191		2154389		3457
598		2202		2157977		3456
599		2188		2161574		3445
600		2164		2165211		3465
601		2147		2168786		3441
602		2174		2172379		3456
603		2175		2175961		3439
604		2157		2179566		3461
605		2145		2183195		3469
606		2120		2186828		3449
607		2111		2190481		3457
608		2125		2194110		3483
609		2154		2197710		3477
610		2169		2201307		3464
611		2197		2204935		3449
612		2161		2208520		3453
613		2162		2212104		3462
614		2161		2215713		3468
615		2193		2219369		3458
616		2189		2222988		3459
617		2158		2226616		3464
618		2212		2230264		3454
619		2197		2233887		3450
620		2149		2237531		3453
621		2170		2241201		3449
622		2162		2244788		3447
623		2165		2248366		3462
624		2167		2251952		3455
625		2173		2255533		3480
626		2144		2259183		3472
627		2152		2262798		3467
628		2169		2266398		3478
629		2169		2270040		3469
630		2160		2273629		3452
631		2168		2277224		3474
632		2160		2280866		3477
633		2113		2284511		3474
634		2113		2288112		3477
635		2105		2291732		3473
636		2130		2295348		3452
637		2146		2298939		3464
638		2126		2302514		3463
639		2139		2306079		3480
640		2131		2309703		3470
641		2115		2313331		3474
642		2122		2316957		3482
643		2143		2320526		3476
644		2151		2324124		3468
645		2126		2327723		3470
646		2093		2331313		3468
647		2099		2334967		3474
648		2080		2338595		3479
649		2115		2342226		3468
650		2077		2345858		3469
651		2063		2349471		3460
652		2102		2353029		3471
653		2119		2356670		3467
654		2095		2360303		3475
655		2068		2363936		3484
656		2057		2367578		3465
657		2067		2371208		3476
658		2070		2374814		3484
659		2044		2378437		3468
660		2069		2382020		3461
661		2053		2385647		3451
662		2063		2389229		3452
663		2106		2392837		3441
664		2087		2396427		3438
665		2114		2400067		3449
666		2141		2403669		3456
667		2146		2407236		3468
668		2105		2410804		3447
669		2073		2414381		3450
670		2096		2418001		3453
671		2129		2421553		3444
672		2087		2425214		3461
673		2107		2428792		3462
674		2106		2432420		3456
675		2067		2435983		3461
676		2062		2439587		3465
677		2046		2443210		3455
678		2058		2446857		3451
679		2064		2450444		3451
680		2100		2454058		3442
681		2078		2457631		3462
682		2060		2461228		3456
683		2011		2464838		3457
684		2013		2468408		3448
685		2009		2471963		3446
686		2021		2475583		3472
687		2015		2479178		3463
688		2034		2482765		3446
689		2027		2486346		3467
690		2042		2489970		3470
691		2072		2493610		3456
692		2079		2497221		3467
693		2066		2500841		3466
694		2060		2504431		3463
695		2044		2508036		3474
696		2066		2511611		3471
697		2039		2515186		3450
698		2077		2518755		3467
699		2080		2522330		3481
700		2108		2525905		3456
701		2124		2529502		3466
702		2131		2533119		3481
703		2090		2536751		3434
704		2092		2540430		3445
705		2113		2544088		3451
706		2093		2547684		3464
707		2080		2551319		3485
708		2080		2554913		3495
709		2084		2558528		3474
710		2073		2562123		3475
711		2048		2565740		3488
712		2044		2569399		3477
713		2026		2572998		3484
714		1993		2576563		3487
715		1999		2580166		3474
716		1995		2583791		3465
717		1983		2587383		3474
718		1952		2591001		3483
719		1956		2594636		3473
720		1962		2598255		3456
721		1954		2601852		3484
722		1932		2605449		3469
723		1946		2609018		3468
724		1979		2612626		3461
725		1994		2616175		3464
726		2014		2619778		3470
727		2013		2623384		3488
728		2043		2627022		3469
729		2026		2630628		3463
730		2006		2634264		3475
731		1986		2637860		3462
732		1974		2641452		3462
733		2000		2645060		3461
734		1992		2648648		3452
735		1992		2652276		3457
736		1989		2655859		3452
737		1993		2659517		3454
738		1971		2663093		3461
739		1980		2666743		3467
740		2009		2670322		3471
741		1996		2673878		3473
742		1974		2677491		3457
743		1934		2681089		3464
744		1946		2684656		3457
745		1935		2688251		3454
746		1918		2691842		3459
747		1912		2695450		3439
748		1926		2699065		3445
749		1925		2702667		3448
750		1908		2706244		3457
751		1934		2709854		3452
752		1930		2713449		3458
753		1922		2717067		3452
754		1946		2720602		3464
755		1907		2724239		3451
756		1913		2727884		3453
757		1953		2731472		3448
758		1959		2735064		3461
759		1939		2738689		3456
760		1912		2742305		3450
761		1914		2745932		3467
762		1943		2749548		3462
763		1933		2753143		3465
764		1960		2756757		3467
765		1964		2760376		3461
766		1980		2763964		3456
767		1999		2767531		3456
768		1969		2771143		3459
769		1967		2774770		3467
770		1975		2778382		3461
771		1966		2781974		3458
772		1985		2785563		3462
773		1966		2789130		3455
774		1982		2792712		3453
775		2001		2796317		3456
776		1982		2799918		3465
777		1979		2803500		3460
778		1950		2807080		3464
779		1922		2810706		3472
780		1945		2814315		3453
781		1925		2817931		3456
782		1929		2821519		3457
783		1906		2825111		3479
784		1888		2828732		3478
785		1906		2832349		3463
786		1929		2835928		3464
787		1926		2839544		3474
788		1921		2843158		3461
789		1913		2846758		3464
790		1887		2850381		3456
791		1905		2853981		3463
792		1924		2857576		3460
793		1943		2861211		3471
794		1928		2864847		3466
795		1929		2868505		3483
796		1927		2872111		3475
797		1926		2875754		3489
798		1948		2879362		3475
799		1955		2882936		3473
800		1928		2886531		3487
801		1900		2890113		3466
802		1931		2893663		3465
803		1924		2897240		3467
804		1908		2900824		3459
805		1915		2904432		3457
806		1903		2908017		3454
807		1912		2911633		3448
808		1945		2915223		3455
809		1899		2918828		3446
810		1911		2922425		3446
811		1922		2926030		3444
812		1920		2929634		3448
813		1930		2933278		3452
814		1925		2936863		3465
815		1930		2940478		3458
816		1905		2944052		3452
817		1889		2947628		3461
818		1910		2951198		3464
819		1896		2954740		3468
820		1892		2958371		3477
821		1916		2961961		3467
822		1910		2965552		3477
823		1905		2969150		3466
824		1904		2972747		3458
825		1929		2976370		3464
826		1928		2979982		3479
827		1939		2983566		3488
828		1925		2987192		3483
829		1920		2990788		3477
830		1959		2994369		3460
831		1920		2997958		3479
832		1936		3001579		3463
833		1918		3005157		3466
834		1915		3008742		3474
835		1932		3012366		3486
836		1933		3015931		3483
837		1923		3019561		3483
838		1908		3023148		3480
839		1942		3026705		3473
840		1900		3030228		3469
841		1848		3033833		3464
842		1853		3037501		3463
843		1866		3041089		3460
844		1871		3044708		3459
845		1862		3048334		3469
846		1858		3051921		3460
847		1858		3055515		3471
848		1866		3059133		3465
849		1859		3062685		3477
850		1867		3066325		3472
851		1893		3069947		3458
852		1917		3073530		3487
853		1887		3077186		3472
854		1899		3080825		3477
855		1896		3084464		3475
856		1900		3088047		3455
857		1899		3091652		3463
858		1870		3095267		3479
859		1861		3098886		3472
860		1888		3102517		3473
861		1926		3106086		3478
862		1910		3109682		3468
863		1936		3113263		3464
864		1927		3116865		3471
865		1936		3120476		3457
866		1944		3124031		3466
867		1948		3127699		3457
868		1953		3131273		3483
869		1928		3134873		3463
870		1932		3138472		3473
871		1950		3142128		3490
872		1939		3145751		3467
873		1929		3149329		3465
874		1920		3152969		3470
875		1924		3156632		3477
876		1938		3160233		3486
877		1924		3163833		3510
878		1922		3167437		3487
879		1910		3171021		3483
880		1919		3174631		3483
881		1930		3178255		3487
882		1921		3181855		3451
883		1917		3185442		3471
884		1914		3189046		3482
885		1919		3192638		3474
886		1891		3196237		3479
887		1872		3199874		3467
888		1899		3203475		3473
889		1871		3207047		3469
890		1891		3210638		3488
891		1878		3214266		3485
892		1863		3217830		3469
893		1856		3221476		3479
894		1861		3225119		3491
895		1854		3228773		3472
896		1843		3232448		3481
897		1828		3236084		3465
898		1833		3239674		3457
899		1838		3243268		3472
900		1869		3246874		3464
901		1890		3250505		3452
902		1862		3254062		3457
903		1870		3257644		3445
904		1879		3261255		3445
905		1848		3264856		3451
906		1855		3268482		3462
907		1878		3272048		3438
908		1858		3275653		3446
909		1861		3279253		3455
910		1829		3282844		3451
911		1855		3286473		3441
912		1873		3290044		3450
913		1845		3293667		3455
914		1848		3297262		3452
915		1818		3300881		3449
916		1867		3304490		3454
917		1826		3308114		3453
918		1796		3311717		3442
919		1797		3315331		3431
920		1825		3318994		3439
921		1791		3322578		3457
922		1800		3326177		3463
923		1801		3329780		3457
924		1785		3333375		3451
925		1801		3336992		3448
926		1792		3340581		3454
927		1807		3344198		3453
928		1808		3347855		3456
929		1813		3351479		3470
930		1821		3355104		3464
931		1849		3358699		3463
932		1845		3362324		3476
933		1810		3365995		3481
934		1818		3369599		3473
935		1805		3373251		3478
936		1806		3376841		3479
937		1817		3380406		3473
938		1820		3383960		3472
939		1835		3387574		3464
940		1847		3391208		3457
941		1854		3394801		3455
942		1857		3398464		3451
943		1847		3402083		3472
944		1857		3405673		3474
945		1856		3409297		3467
946		1857		3412961		3472
947		1834		3416573		3467
948		1850		3420239		3464
949		1852		3423823		3470
950		1848		3427472		3468
951		1845		3431047		3470
952		1848		3434643		3479
953		1851		3438295		3481
954		1871		3441900		3479
955		1850		3445482		3497
956		1857		3449080		3486
957		1875		3452674		3481
958		1871		3456244		3489
959		1876		3459820		3498
960		1850		3463396		3461
961		1849		3467000		3483
962		1851		3470608		3488
963		1857		3474234		3488
964		1877		3477876		3479
965		1880		3481437		3489
966		1875		3485051		3477
967		1873		3488649		3464
968		1835		3492209		3477
969		1907		3495854		3493
970		1899		3499453		3471
971		1857		3503082		3470
972		1879		3506716		3488
973		1857		3510308		3475
974		1846		3513923		3483
975		1863		3517539		3474
976		1837		3521153		3474
977		1853		3524771		3480
978		1859		3528383		3487
979		1820		3532005		3476
980		1800		3535584		3493
981		1814		3539202		3470
982		1830		3542758		3459
983		1831		3546357		3445
984		1817		3549970		3456
985		1805		3553585		3474
986		1794		3557172		3457
987		1782		3560787		3450
988		1767		3564399		3462
989		1760		3568038		3472
990		1775		3571649		3470
991		1782		3575200		3471
992		1793		3578808		3467
993		1804		3582447		3466
994		1792		3586065		3459
995		1811		3589697		3458
996		1823		3593285		3469
997		1809		3596890		3475
998		1817		3600480		3466
999		1836		3604113		3473
