# Migration is number of nodes that have changed color.

Round		Edge-Cut		Swaps		Migrations		Skipped
0		8904		3390		3001
1		8313		6891		3014
2		7823		10468		3106
3		7424		14063		3080
4		7168		17608		3123
5		6901		21198		3178
6		6698		24757		3201
7		6600		28350		3199
8		6480		31999		3194
9		6314		35632		3229
10		6209		39250		3229
11		6076		42856		3205
12		5995		46499		3209
13		5889		50111		3158
14		5815		53736		3222
15		5778		57331		3230
16		5701		60955		3214
17		5595		64552		3246
18		5524		68148		3200
19		5472		71746		3240
20		5394		75378		3266
21		5386		78961		3240
22		5206		82546		3244
23		5227		86137		3282
24		5208		89748		3257
25		5152		93374		3239
26		5110		96957		3256
27		5066		100543		3248
28		4970		104132		3249
29		4980		107718		3243
30		4936		111299		3267
31		4894		114881		3235
32		4791		118469		3245
33		4786		122049		3254
34		4838		125644		3260
35		4795		129247		3250
36		4758		132833		3279
37		4741		136454		3253
38		4740		140089		3249
39		4690		143661		3254
40		4684		147264		3244
41		4673		150875		3260
42		4616		154444		3252
43		4585		158045		3246
44		4624		161644		3251
45		4611		165254		3255
46		4625		168847		3247
47		4576		172421		3247
48		4482		175992		3260
49		4512		179596		3251
50		4532		183191		3266
51		4537		186802		3245
52		4468		190361		3245
53		4489		193991		3263
54		4447		197549		3273
55		4506		201088		3289
56		4446		204677		3290
57		4473		208266		3286
58		4438		211895		3262
59		4370		215486		3262
60		4423		219084		3257
61		4313		222639		3272
62		4320		226235		3278
63		4326		229803		3269
64		4303		233389		3258
65		4370		237014		3270
66		4369		240613		3252
67		4247		244227		3261
68		4243		247831		3233
69		4248		251425		3219
70		4224		254997		3250
71		4277		258608		3226
72		4246		262222		3256
73		4237		265828		3238
74		4289		269400		3246
75		4207		272983		3256
76		4217		276545		3295
77		4195		280163		3288
78		4227		283787		3258
79		4183		287396		3256
80		4167		291037		3281
81		4181		294680		3267
82		4137		298266		3281
83		4165		301863		3292
84		4136		305425		3307
85		4120		309033		3295
86		4128		312624		3283
87		4121		316229		3296
88		4148		319854		3274
89		4116		323476		3273
90		4068		327090		3271
91		4004		330739		3264
92		4019		334350		3298
93		4017		337955		3301
94		3998		341554		3280
95		4037		345175		3268
96		4031		348788		3283
97		4063		352428		3291
98		3997		356029		3288
99		4008		359625		3283
100		4008		363230		3284
101		3995		366829		3278
102		3965		370423		3285
103		4000		374008		3320
104		4061		377628		3315
105		3991		381267		3313
106		4013		384873		3329
107		3971		388500		3305
108		3982		392088		3302
109		3900		395666		3304
110		3910		399298		3296
111		3872		402878		3294
112		3841		406434		3277
113		3822		410101		3288
114		3803		413703		3324
115		3807		417314		3316
116		3818		420869		3298
117		3832		424478		3304
118		3834		428070		3316
119		3780		431686		3304
120		3799		435246		3328
121		3776		438865		3309
122		3799		442492		3298
123		3776		446129		3309
124		3802		449740		3328
125		3804		453321		3317
126		3805		456925		3344
127		3740		460517		3328
128		3781		464148		3322
129		3759		467747		3319
130		3780		471365		3326
131		3721		474985		3328
132		3698		478644		3313
133		3706		482245		3321
134		3713		485815		3317
135		3693		489372		3302
136		3725		492982		3312
137		3727		496562		3336
138		3721		500151		3320
139		3713		503759		3318
140		3720		507404		3325
141		3712		510995		3309
142		3699		514597		3302
143		3682		518180		3324
144		3666		521762		3319
145		3651		525341		3321
146		3651		528931		3325
147		3657		532521		3314
148		3670		536117		3330
149		3592		539769		3321
150		3600		543390		3320
151		3619		547009		3324
152		3598		550602		3327
153		3591		554245		3338
154		3545		557862		3334
155		3575		561478		3336
156		3568		565103		3331
157		3577		568688		3329
158		3581		572316		3322
159		3572		575914		3322
160		3584		579538		3326
161		3545		583170		3322
162		3594		586784		3337
163		3583		590420		3292
164		3545		594030		3310
165		3530		597630		3314
166		3521		601254		3324
167		3532		604895		3320
168		3506		608547		3319
169		3498		612142		3337
170		3479		615737		3334
171		3502		619325		3349
172		3524		622904		3359
173		3525		626503		3338
174		3501		630081		3323
175		3496		633674		3336
176		3512		637315		3349
177		3487		640965		3352
178		3496		644581		3356
179		3439		648198		3329
180		3448		651796		3340
181		3431		655422		3334
182		3446		659016		3320
183		3435		662599		3345
184		3480		666189		3344
185		3446		669836		3347
186		3459		673470		3352
187		3492		677104		3340
188		3455		680702		3349
189		3413		684340		3349
190		3430		687898		3335
191		3426		691542		3354
192		3387		695092		3355
193		3382		698720		3335
194		3422		702303		3358
195		3413		705909		3339
196		3439		709541		3335
197		3404		713138		3348
198		3384		716769		3349
199		3411		720384		3339
200		3428		723972		3353
201		3409		727551		3349
202		3402		731164		3357
203		3406		734777		3362
204		3426		738374		3350
205		3462		741972		3347
206		3428		745563		3352
207		3420		749120		3353
208		3406		752744		3334
209		3382		756312		3335
210		3359		759942		3337
211		3371		763574		3331
212		3364		767187		3311
213		3338		770836		3327
214		3311		774421		3321
215		3316		778016		3331
216		3321		781622		3327
217		3304		785204		3347
218		3298		788769		3349
219		3316		792382		3348
220		3290		795990		3334
221		3278		799596		3342
222		3292		803223		3338
223		3310		806828		3327
224		3305		810444		3348
225		3298		814061		3356
226		3303		817640		3357
227		3290		821241		3357
228		3325		824804		3335
229		3282		828399		3350
230		3290		831988		3360
231		3270		835554		3331
232		3253		839138		3343
233		3247		842720		3343
234		3208		846338		3344
235		3197		849957		3342
236		3197		853567		3330
237		3198		857172		3350
238		3178		860772		3346
239		3185		864359		3336
240		3212		868012		3345
241		3211		871544		3345
242		3206		875217		3327
243		3214		878834		3336
244		3198		882452		3325
245		3208		886098		3331
246		3216		889666		3322
247		3204		893318		3330
248		3229		896927		3321
249		3190		900547		3336
250		3183		904161		3341
251		3187		907804		3327
252		3184		911409		3340
253		3184		915025		3319
254		3186		918589		3335
255		3186		922221		3320
256		3182		925866		3325
257		3223		929465		3336
258		3201		933061		3319
259		3202		936628		3323
260		3158		940223		3333
261		3180		943870		3321
262		3184		947448		3321
263		3176		951082		3331
264		3173		954691		3335
265		3182		958322		3320
266		3167		961898		3331
267		3200		965517		3322
268		3203		969102		3328
269		3198		972710		3323
270		3177		976277		3332
271		3182		979931		3327
272		3176		983571		3321
273		3161		987209		3315
274		3184		990816		3332
275		3203		994420		3330
276		3200		998014		3322
277		3194		1001609		3310
278		3193		1005214		3325
279		3156		1008810		3334
280		3156		1012402		3337
281		3176		1015993		3331
282		3172		1019600		3328
283		3154		1023179		3327
284		3140		1026754		3327
285		3122		1030361		3326
286		3102		1033995		3329
287		3118		1037604		3320
288		3123		1041185		3318
289		3126		1044780		3324
290		3132		1048372		3323
291		3142		1051979		3333
292		3148		1055604		3326
293		3132		1059163		3328
294		3140		1062749		3332
295		3122		1066349		3340
296		3134		1069953		3339
297		3130		1073541		3325
298		3128		1077170		3323
299		3100		1080829		3324
300		3135		1084434		3327
301		3118		1088034		3316
302		3107		1091619		3315
303		3105		1095240		3328
304		3093		1098852		3326
305		3116		1102455		3317
306		3109		1106057		3321
307		3120		1109689		3319
308		3117		1113321		3315
309		3098		1116938		3318
310		3113		1120559		3315
311		3114		1124168		3305
312		3128		1127812		3306
313		3130		1131435		3304
314		3115		1134985		3307
315		3107		1138595		3315
316		3127		1142185		3328
317		3127		1145800		3312
318		3120		1149381		3329
319		3102		1153014		3319
320		3090		1156614		3322
321		3102		1160206		3318
322		3095		1163796		3322
323		3089		1167391		3330
324		3078		1170984		3332
325		3095		1174608		3325
326		3119		1178257		3326
327		3117		1181890		3329
328		3090		1185505		3319
329		3097		1189107		3310
330		3105		1192732		3314
331		3091		1196373		3330
332		3101		1199945		3314
333		3088		1203583		3316
334		3070		1203778		3310
335		3054		1203970		3316
336		3052		1204143		3314
337		3002		1204297		3325
338		2981		1204452		3317
339		2966		1204580		3313
340		2945		1204686		3309
341		2923		1204787		3316
342		2897		1204906		3325
343		2882		1205007		3322
344		2856		1205114		3325
345		2865		1205201		3332
346		2868		1205281		3325
347		2854		1205372		3323
348		2845		1205454		3319
349		2826		1205542		3311
350		2808		1205616		3312
351		2800		1205703		3311
352		2790		1205770		3322
353		2767		1205840		3316
354		2762		1205888		3317
355		2762		1205947		3311
356		2762		1206007		3317
357		2755		1206053		3319
358		2747		1206127		3314
359		2733		1206175		3317
360		2720		1206217		3316
361		2712		1206251		3314
362		2710		1206281		3316
363		2708		1206305		3323
364		2711		1206348		3323
365		2710		1206379		3319
366		2707		1206406		3317
367		2710		1206433		3322
368		2701		1206458		3323
369		2686		1206480		3321
370		2673		1206504		3319
371		2676		1206515		3327
372		2675		1206539		3320
373		2670		1206555		3324
374		2664		1206572		3319
375		2665		1206585		3314
376		2660		1206601		3316
377		2650		1206613		3316
378		2649		1206623		3320
379		2645		1206630		3318
380		2646		1206631		3319
381		2647		1206640		3319
382		2649		1206650		3318
383		2649		1206659		3319
384		2654		1206668		3316
385		2657		1206688		3324
386		2652		1206699		3322
387		2650		1206720		3320
388		2648		1206740		3321
389		2646		1206749		3319
390		2647		1206757		3321
391		2642		1206774		3325
392		2648		1206784		3328
393		2645		1206793		3324
394		2644		1206803		3327
395		2640		1206815		3325
396		2644		1206820		3326
397		2640		1206832		3325
398		2640		1206838		3324
399		2639		1206846		3328
400		2638		1206850		3328
401		2640		1206857		3328
402		2638		1206864		3329
403		2638		1206881		3327
404		2643		1206891		3331
405		2645		1206901		3330
406		2642		1206907		3331
407		2634		1206917		3328
408		2634		1206924		3329
409		2635		1206932		3327
410		2637		1206944		3326
411		2634		1206954		3330
412		2633		1206961		3327
413		2632		1206962		3328
414		2634		1206966		3328
415		2632		1206972		3328
416		2632		1206975		3328
417		2635		1206979		3328
418		2634		1206985		3326
419		2632		1206993		3326
420		2633		1206998		3325
421		2631		1207011		3325
422		2631		1207021		3327
423		2635		1207031		3325
424		2633		1207039		3326
425		2628		1207054		3324
426		2628		1207058		3326
427		2627		1207062		3326
428		2622		1207068		3325
429		2622		1207073		3324
430		2620		1207076		3326
431		2620		1207079		3324
432		2621		1207085		3325
433		2618		1207090		3325
434		2617		1207093		3326
435		2618		1207100		3326
436		2620		1207106		3325
437		2617		1207110		3325
438		2620		1207118		3327
439		2620		1207125		3327
440		2621		1207137		3327
441		2617		1207143		3327
442		2615		1207145		3329
443		2613		1207148		3329
444		2613		1207150		3329
445		2611		1207154		3331
446		2611		1207156		3331
447		2609		1207161		3332
448		2612		1207167		3329
449		2612		1207174		3329
450		2610		1207179		3327
451		2610		1207183		3327
452		2610		1207187		3327
453		2609		1207189		3329
454		2612		1207193		3329
455		2613		1207196		3328
456		2613		1207197		3327
457		2612		1207200		3329
458		2611		1207205		3327
459		2609		1207205		3327
460		2607		1207206		3327
461		2607		1207206		3327
462		2607		1207206		3327
463		2605		1207207		3329
464		2605		1207207		3329
465		2605		1207207		3329
466		2605		1207207		3329
467		2605		1207207		3329
468		2606		1207208		3329
469		2606		1207208		3329
470		2606		1207208		3329
471		2606		1207208		3329
472		2604		1207209		3328
473		2604		1207209		3328
474		2604		1207209		3328
475		2604		1207209		3328
476		2604		1207209		3328
477		2604		1207209		3328
478		2604		1207209		3328
479		2604		1207209		3328
480		2604		1207209		3328
481		2604		1207209		3328
482		2604		1207209		3328
483		2604		1207209		3328
484		2604		1207209		3328
485		2604		1207209		3328
486		2604		1207209		3328
487		2604		1207209		3328
488		2604		1207209		3328
489		2604		1207209		3328
490		2604		1207209		3328
491		2604		1207209		3328
492		2604		1207209		3328
493		2604		1207209		3328
494		2604		1207209		3328
495		2604		1207209		3328
496		2604		1207209		3328
497		2604		1207209		3328
498		2604		1207209		3328
499		2604		1207209		3328
500		2604		1207209		3328
501		2604		1207209		3328
502		2604		1207209		3328
503		2604		1207209		3328
504		2604		1207209		3328
505		2604		1207209		3328
506		2604		1207209		3328
507		2604		1207209		3328
508		2604		1207209		3328
509		2604		1207209		3328
510		2604		1207209		3328
511		2604		1207209		3328
512		2604		1207209		3328
513		2604		1207209		3328
514		2604		1207209		3328
515		2604		1207209		3328
516		2604		1207209		3328
517		2604		1207209		3328
518		2604		1207209		3328
519		2604		1207209		3328
520		2604		1207209		3328
521		2604		1207209		3328
522		2604		1207209		3328
523		2604		1207209		3328
524		2604		1207209		3328
525		2604		1207209		3328
526		2604		1207209		3328
527		2604		1207209		3328
528		2604		1207209		3328
529		2604		1207209		3328
530		2604		1207209		3328
531		2604		1207209		3328
532		2604		1207209		3328
533		2604		1207209		3328
534		2604		1207209		3328
535		2604		1207209		3328
536		2604		1207209		3328
537		2604		1207209		3328
538		2604		1207209		3328
539		2604		1207209		3328
540		2604		1207209		3328
541		2604		1207209		3328
542		2604		1207209		3328
543		2604		1207209		3328
544		2604		1207209		3328
545		2604		1207209		3328
546		2604		1207209		3328
547		2604		1207209		3328
548		2604		1207209		3328
549		2604		1207209		3328
550		2604		1207209		3328
551		2604		1207209		3328
552		2604		1207209		3328
553		2604		1207209		3328
554		2604		1207209		3328
555		2604		1207209		3328
556		2604		1207209		3328
557		2604		1207209		3328
558		2604		1207209		3328
559		2604		1207209		3328
560		2604		1207209		3328
561		2604		1207209		3328
562		2604		1207209		3328
563		2604		1207209		3328
564		2604		1207209		3328
565		2604		1207209		3328
566		2604		1207209		3328
567		2604		1207209		3328
568		2604		1207209		3328
569		2604		1207209		3328
570		2604		1207209		3328
571		2604		1207209		3328
572		2604		1207209		3328
573		2604		1207209		3328
574		2604		1207209		3328
575		2604		1207209		3328
576		2604		1207209		3328
577		2604		1207209		3328
578		2604		1207209		3328
579		2604		1207209		3328
580		2604		1207209		3328
581		2604		1207209		3328
582		2604		1207209		3328
583		2604		1207209		3328
584		2604		1207209		3328
585		2604		1207209		3328
586		2604		1207209		3328
587		2604		1207209		3328
588		2604		1207209		3328
589		2604		1207209		3328
590		2604		1207209		3328
591		2604		1207209		3328
592		2604		1207209		3328
593		2604		1207209		3328
594		2604		1207209		3328
595		2604		1207209		3328
596		2604		1207209		3328
597		2604		1207209		3328
598		2604		1207209		3328
599		2604		1207209		3328
600		2604		1207209		3328
601		2604		1207209		3328
602		2604		1207209		3328
603		2604		1207209		3328
604		2604		1207209		3328
605		2604		1207209		3328
606		2604		1207209		3328
607		2604		1207209		3328
608		2604		1207209		3328
609		2604		1207209		3328
610		2604		1207209		3328
611		2604		1207209		3328
612		2604		1207209		3328
613		2604		1207209		3328
614		2604		1207209		3328
615		2604		1207209		3328
616		2604		1207209		3328
617		2604		1207209		3328
618		2604		1207209		3328
619		2604		1207209		3328
620		2604		1207209		3328
621		2604		1207209		3328
622		2604		1207209		3328
623		2604		1207209		3328
624		2604		1207209		3328
625		2604		1207209		3328
626		2604		1207209		3328
627		2604		1207209		3328
628		2604		1207209		3328
629		2604		1207209		3328
630		2604		1207209		3328
631		2604		1207209		3328
632		2604		1207209		3328
633		2604		1207209		3328
634		2604		1207209		3328
635		2604		1207209		3328
636		2604		1207209		3328
637		2604		1207209		3328
638		2604		1207209		3328
639		2604		1207209		3328
640		2604		1207209		3328
641		2604		1207209		3328
642		2604		1207209		3328
643		2604		1207209		3328
644		2604		1207209		3328
645		2604		1207209		3328
646		2604		1207209		3328
647		2604		1207209		3328
648		2604		1207209		3328
649		2604		1207209		3328
650		2604		1207209		3328
651		2604		1207209		3328
652		2604		1207209		3328
653		2604		1207209		3328
654		2604		1207209		3328
655		2604		1207209		3328
656		2604		1207209		3328
657		2604		1207209		3328
658		2604		1207209		3328
659		2604		1207209		3328
660		2604		1207209		3328
661		2604		1207209		3328
662		2604		1207209		3328
663		2604		1207209		3328
664		2604		1207209		3328
665		2604		1207209		3328
666		2604		1207209		3328
667		2604		1207209		3328
668		2604		1207209		3328
669		2604		1207209		3328
670		2604		1207209		3328
671		2604		1207209		3328
672		2604		1207209		3328
673		2604		1207209		3328
674		2604		1207209		3328
675		2604		1207209		3328
676		2604		1207209		3328
677		2604		1207209		3328
678		2604		1207209		3328
679		2604		1207209		3328
680		2604		1207209		3328
681		2604		1207209		3328
682		2604		1207209		3328
683		2604		1207209		3328
684		2604		1207209		3328
685		2604		1207209		3328
686		2604		1207209		3328
687		2604		1207209		3328
688		2604		1207209		3328
689		2604		1207209		3328
690		2604		1207209		3328
691		2604		1207209		3328
692		2604		1207209		3328
693		2604		1207209		3328
694		2604		1207209		3328
695		2604		1207209		3328
696		2604		1207209		3328
697		2604		1207209		3328
698		2604		1207209		3328
699		2604		1207209		3328
700		2604		1207209		3328
701		2604		1207209		3328
702		2604		1207209		3328
703		2604		1207209		3328
704		2604		1207209		3328
705		2604		1207209		3328
706		2604		1207209		3328
707		2604		1207209		3328
708		2604		1207209		3328
709		2604		1207209		3328
710		2604		1207209		3328
711		2604		1207209		3328
712		2604		1207209		3328
713		2604		1207209		3328
714		2604		1207209		3328
715		2604		1207209		3328
716		2604		1207209		3328
717		2604		1207209		3328
718		2604		1207209		3328
719		2604		1207209		3328
720		2604		1207209		3328
721		2604		1207209		3328
722		2604		1207209		3328
723		2604		1207209		3328
724		2604		1207209		3328
725		2604		1207209		3328
726		2604		1207209		3328
727		2604		1207209		3328
728		2604		1207209		3328
729		2604		1207209		3328
730		2604		1207209		3328
731		2604		1207209		3328
732		2604		1207209		3328
733		2604		1207209		3328
734		2604		1207209		3328
735		2604		1207209		3328
736		2604		1207209		3328
737		2604		1207209		3328
738		2604		1207209		3328
739		2604		1207209		3328
740		2604		1207209		3328
741		2604		1207209		3328
742		2604		1207209		3328
743		2604		1207209		3328
744		2604		1207209		3328
745		2604		1207209		3328
746		2604		1207209		3328
747		2604		1207209		3328
748		2604		1207209		3328
749		2604		1207209		3328
750		2604		1207209		3328
751		2604		1207209		3328
752		2604		1207209		3328
753		2604		1207209		3328
754		2604		1207209		3328
755		2604		1207209		3328
756		2604		1207209		3328
757		2604		1207209		3328
758		2604		1207209		3328
759		2604		1207209		3328
760		2604		1207209		3328
761		2604		1207209		3328
762		2604		1207209		3328
763		2604		1207209		3328
764		2604		1207209		3328
765		2604		1207209		3328
766		2604		1207209		3328
767		2604		1207209		3328
768		2604		1207209		3328
769		2604		1207209		3328
770		2604		1207209		3328
771		2604		1207209		3328
772		2604		1207209		3328
773		2604		1207209		3328
774		2604		1207209		3328
775		2604		1207209		3328
776		2604		1207209		3328
777		2604		1207209		3328
778		2604		1207209		3328
779		2604		1207209		3328
780		2604		1207209		3328
781		2604		1207209		3328
782		2604		1207209		3328
783		2604		1207209		3328
784		2604		1207209		3328
785		2604		1207209		3328
786		2604		1207209		3328
787		2604		1207209		3328
788		2604		1207209		3328
789		2604		1207209		3328
790		2604		1207209		3328
791		2604		1207209		3328
792		2604		1207209		3328
793		2604		1207209		3328
794		2604		1207209		3328
795		2604		1207209		3328
796		2604		1207209		3328
797		2604		1207209		3328
798		2604		1207209		3328
799		2604		1207209		3328
800		2604		1207209		3328
801		2604		1207209		3328
802		2604		1207209		3328
803		2604		1207209		3328
804		2604		1207209		3328
805		2604		1207209		3328
806		2604		1207209		3328
807		2604		1207209		3328
808		2604		1207209		3328
809		2604		1207209		3328
810		2604		1207209		3328
811		2604		1207209		3328
812		2604		1207209		3328
813		2604		1207209		3328
814		2604		1207209		3328
815		2604		1207209		3328
816		2604		1207209		3328
817		2604		1207209		3328
818		2604		1207209		3328
819		2604		1207209		3328
820		2604		1207209		3328
821		2604		1207209		3328
822		2604		1207209		3328
823		2604		1207209		3328
824		2604		1207209		3328
825		2604		1207209		3328
826		2604		1207209		3328
827		2604		1207209		3328
828		2604		1207209		3328
829		2604		1207209		3328
830		2604		1207209		3328
831		2604		1207209		3328
832		2604		1207209		3328
833		2604		1207209		3328
834		2604		1207209		3328
835		2604		1207209		3328
836		2604		1207209		3328
837		2604		1207209		3328
838		2604		1207209		3328
839		2604		1207209		3328
840		2604		1207209		3328
841		2604		1207209		3328
842		2604		1207209		3328
843		2604		1207209		3328
844		2604		1207209		3328
845		2604		1207209		3328
846		2604		1207209		3328
847		2604		1207209		3328
848		2604		1207209		3328
849		2604		1207209		3328
850		2604		1207209		3328
851		2604		1207209		3328
852		2604		1207209		3328
853		2604		1207209		3328
854		2604		1207209		3328
855		2604		1207209		3328
856		2604		1207209		3328
857		2604		1207209		3328
858		2604		1207209		3328
859		2604		1207209		3328
860		2604		1207209		3328
861		2604		1207209		3328
862		2604		1207209		3328
863		2604		1207209		3328
864		2604		1207209		3328
865		2604		1207209		3328
866		2604		1207209		3328
867		2604		1207209		3328
868		2604		1207209		3328
869		2604		1207209		3328
870		2604		1207209		3328
871		2604		1207209		3328
872		2604		1207209		3328
873		2604		1207209		3328
874		2604		1207209		3328
875		2604		1207209		3328
876		2604		1207209		3328
877		2604		1207209		3328
878		2604		1207209		3328
879		2604		1207209		3328
880		2604		1207209		3328
881		2604		1207209		3328
882		2604		1207209		3328
883		2604		1207209		3328
884		2604		1207209		3328
885		2604		1207209		3328
886		2604		1207209		3328
887		2604		1207209		3328
888		2604		1207209		3328
889		2604		1207209		3328
890		2604		1207209		3328
891		2604		1207209		3328
892		2604		1207209		3328
893		2604		1207209		3328
894		2604		1207209		3328
895		2604		1207209		3328
896		2604		1207209		3328
897		2604		1207209		3328
898		2604		1207209		3328
899		2604		1207209		3328
900		2604		1207209		3328
901		2604		1207209		3328
902		2604		1207209		3328
903		2604		1207209		3328
904		2604		1207209		3328
905		2604		1207209		3328
906		2604		1207209		3328
907		2604		1207209		3328
908		2604		1207209		3328
909		2604		1207209		3328
910		2604		1207209		3328
911		2604		1207209		3328
912		2604		1207209		3328
913		2604		1207209		3328
914		2604		1207209		3328
915		2604		1207209		3328
916		2604		1207209		3328
917		2604		1207209		3328
918		2604		1207209		3328
919		2604		1207209		3328
920		2604		1207209		3328
921		2604		1207209		3328
922		2604		1207209		3328
923		2604		1207209		3328
924		2604		1207209		3328
925		2604		1207209		3328
926		2604		1207209		3328
927		2604		1207209		3328
928		2604		1207209		3328
929		2604		1207209		3328
930		2604		1207209		3328
931		2604		1207209		3328
932		2604		1207209		3328
933		2604		1207209		3328
934		2604		1207209		3328
935		2604		1207209		3328
936		2604		1207209		3328
937		2604		1207209		3328
938		2604		1207209		3328
939		2604		1207209		3328
940		2604		1207209		3328
941		2604		1207209		3328
942		2604		1207209		3328
943		2604		1207209		3328
944		2604		1207209		3328
945		2604		1207209		3328
946		2604		1207209		3328
947		2604		1207209		3328
948		2604		1207209		3328
949		2604		1207209		3328
950		2604		1207209		3328
951		2604		1207209		3328
952		2604		1207209		3328
953		2604		1207209		3328
954		2604		1207209		3328
955		2604		1207209		3328
956		2604		1207209		3328
957		2604		1207209		3328
958		2604		1207209		3328
959		2604		1207209		3328
960		2604		1207209		3328
961		2604		1207209		3328
962		2604		1207209		3328
963		2604		1207209		3328
964		2604		1207209		3328
965		2604		1207209		3328
966		2604		1207209		3328
967		2604		1207209		3328
968		2604		1207209		3328
969		2604		1207209		3328
970		2604		1207209		3328
971		2604		1207209		3328
972		2604		1207209		3328
973		2604		1207209		3328
974		2604		1207209		3328
975		2604		1207209		3328
976		2604		1207209		3328
977		2604		1207209		3328
978		2604		1207209		3328
979		2604		1207209		3328
980		2604		1207209		3328
981		2604		1207209		3328
982		2604		1207209		3328
983		2604		1207209		3328
984		2604		1207209		3328
985		2604		1207209		3328
986		2604		1207209		3328
987		2604		1207209		3328
988		2604		1207209		3328
989		2604		1207209		3328
990		2604		1207209		3328
991		2604		1207209		3328
992		2604		1207209		3328
993		2604		1207209		3328
994		2604		1207209		3328
995		2604		1207209		3328
996		2604		1207209		3328
997		2604		1207209		3328
998		2604		1207209		3328
999		2604		1207209		3328
